32 67 96 40 31 14 9 44 72 
10 43 84 8 34 58 87 52 2 
25 4 91 69 85 87 36 38 23 
15 81 1 92 67 69 36 63 81 
86 82 95 34 18 9 60 84 19 
60 16 58 40 8 4 5 77 10 
60 63 82 8 3 92 90 93 63 
70 17 76 15 71 70 76 0 69 
6 91 85 82 9 0 68 75 22 
65 74 72 96 86 90 58 76 0 
99 78 79 2 43 24 46 89 66 
42 45 44 87 63 8 35 99 86 
24 78 54 81 39 28 70 25 19 
90 73 31 85 56 95 70 77 22 
90 4 47 61 35 19 33 25 30 
77 78 10 64 61 87 3 34 98 
46 18 39 50 31 18 4 55 15 
35 57 88 49 17 86 86 44 94 
39 62 42 34 47 13 97 93 46 
8 26 12 44 81 21 97 24 59 
82 39 72 28 57 79 3 98 68 
41 27 60 24 78 17 92 64 72 
55 11 70 26 53 37 71 96 29 
3 90 75 67 52 93 27 3 5 
22 10 5 62 30 48 44 56 66 
86 84 47 95 52 17 49 41 12 
88 56 86 34 56 60 50 0 8 
93 74 74 67 96 74 11 69 53 
67 93 80 22 81 97 71 85 11 
81 8 38 57 17 11 80 39 46 
18 87 54 44 12 30 40 50 81 
92 18 88 73 83 82 63 82 48 
32 66 74 89 63 70 49 68 91 
69 36 56 62 87 57 28 92 82 
99 22 80 49 81 31 15 78 67 
23 8 25 55 94 35 63 47 72 
71 29 23 83 95 44 39 70 14 
24 29 31 30 45 90 99 63 59 
67 83 84 43 73 84 3 25 59 
66 13 41 21 99 39 84 56 62 
59 16 27 36 10 11 17 90 49 
35 92 63 34 56 30 75 95 64 
88 28 56 38 79 69 84 72 56 
72 3 29 91 46 89 27 40 47 
32 31 72 72 26 83 35 68 33 
95 31 57 10 45 4 75 95 27 
6 20 37 58 51 37 54 44 86 
20 44 46 74 7 15 83 43 64 
91 15 2 72 3 11 36 89 41 
98 61 58 24 16 50 61 20 20 
9 74 79 35 17 81 96 14 23 
86 21 23 42 27 1 40 83 79 
25 33 16 26 21 62 95 56 82 
28 95 28 95 13 86 94 73 69 
84 55 98 20 76 88 87 49 68 
17 56 34 56 84 32 70 36 86 
4 83 52 16 40 61 98 68 19 
95 91 7 37 47 53 32 56 28 
81 4 57 27 38 72 94 78 0 
48 71 11 95 24 76 99 90 90 
17 67 15 36 21 8 69 91 57 
60 80 8 80 24 27 4 89 31 
29 76 44 79 22 62 61 50 96 
7 0 66 30 37 56 63 15 88 
12 45 82 48 57 47 14 34 97 
91 67 47 83 91 35 45 70 14 
45 37 45 53 75 71 12 61 91 
91 29 43 51 17 9 39 92 44 
48 80 18 97 65 87 64 69 82 
49 24 8 31 85 66 42 17 77 
43 58 69 11 36 95 56 23 5 
54 40 50 37 43 99 91 96 90 
95 48 72 57 89 6 89 62 37 
82 59 43 76 8 99 31 96 33 
74 37 43 22 41 41 82 10 28 
31 11 80 9 40 89 76 47 69 
5 85 69 63 21 73 58 73 63 
61 77 31 50 5 47 65 16 58 
46 72 7 30 75 79 77 57 51 
56 72 19 54 99 61 30 26 10 
64 10 16 69 64 67 78 20 32 
96 81 5 32 43 23 30 30 74 
62 74 10 89 86 64 22 1 0 
43 7 77 70 20 79 37 1 6 
42 76 8 39 52 54 47 80 76 
45 24 29 96 23 69 87 67 52 
0 74 24 52 47 62 66 34 12 
54 26 60 26 95 42 16 88 53 
65 22 22 55 42 5 87 77 77 
71 47 84 8 82 52 27 36 27 
81 90 29 46 73 17 42 92 53 
15 18 28 86 79 35 16 22 45 
29 45 31 19 64 70 85 95 87 
28 46 44 7 99 58 15 34 98 
24 19 49 4 13 50 51 72 58 
48 84 67 49 92 60 7 97 91 
95 62 26 59 61 78 30 13 46 
9 8 19 70 71 45 36 91 3 
95 25 31 81 67 91 11 36 10 
20 79 54 84 99 2 66 19 72 
