1 2 3 4 5 5 6 6 9
2 3 4 5 6 7 8 9 0 
1 2 3 4 5 6 5 4 3 
2 3 45 6 78 9 0 1
4 3 5 6 6 8 9 9 9 
1 2 3 4 5 5 6 6 9
2 3 4 5 6 7 8 9 0 
1 2 3 4 5 6 5 4 3 
2 3 45 6 78 9 0 1
4 3 5 6 6 8 9 9 9 
1 2 3 4 5 5 6 6 9
2 3 4 5 6 7 8 9 0 
1 2 3 4 5 6 5 4 3 
2 3 45 6 78 9 0 1
4 3 5 6 6 8 9 9 9 
1 2 3 4 5 5 6 6 9
2 3 4 5 6 7 8 9 0 
1 2 3 4 5 6 5 4 3 
2 3 45 6 78 9 0 1
4 3 5 6 6 8 9 9 9 
1 2 3 4 5 5 6 6 9
2 3 4 5 6 7 8 9 0 
1 2 3 4 5 6 5 4 3 
2 3 45 6 78 9 0 1
4 3 5 6 6 8 9 9 9 
1 2 3 4 5 5 6 6 9
2 3 4 5 6 7 8 9 0 
1 2 3 4 5 6 5 4 3 
2 3 45 6 78 9 0 1
4 3 5 6 6 8 9 9 9 