****************** INPUT *****************
84      36      55      88      95      31      100     56      87      
19      45      91      2       12      90      31      19      20      
51      63      32      38      21      63      84      62      50      
9       21      54      55      27      23      37      5       38      
52      77      32      33      27      78      49      6       42      
88      72      100     23      66      10      55      26      99      
18      5       47      67      79      82      12      58      82      
24      93      91      83      70      65      8       79      86      
30      80      98      57      31      34      26      81      48      
41      66      23      42      64      80      53      2       86      
****************** PART A *****************
****************** PART B *****************

Perspective Projection of each point
====================================
62.52   26.8    40.94   119.92  51.39   78.52   256.07  109.74  167.67  
204.04  87.45   133.6   91.71   39.3    60.05   144.19  61.8    94.41   
70.89   30.38   46.42   235.69  101.01  154.32  129.52  55.51   84.8    
214.18  91.79   140.24  81.61   34.98   53.44   133.31  57.13   87.29   
170.02  72.87   111.33  59.46   25.48   38.93   122.2   52.37   80.01   
101.3   43.42   66.33   299.04  128.16  195.8   65.95   28.26   43.18   
115.44  49.47   75.59   76.37   32.73   50      65.84   28.22   43.11   
96.68   41.44   63.3    79.19   33.94   51.85   116.63  49.98   76.37   
91.66   39.28   60.02   99.28   42.55   65      85.79   36.77   56.17   
139.82  59.92   91.55   0       0       0       0       0       0       

****************** PART C *****************
