****************** INPUT *****************
84      36      55      88      95      31      100     56      87      
19      45      91      2       12      90      31      19      20      
51      63      32      38      21      63      84      62      50      
9       21      54      55      27      23      37      5       38      
52      77      32      33      27      78      49      6       42      
88      72      100     23      66      10      55      26      99      
18      5       47      67      79      82      12      58      82      
24      93      91      83      70      65      8       79      86      
30      80      98      57      31      34      26      81      48      
41      66      23      42      64      80      53      2       86      
****************** PART A *****************
****************** PART B *****************

Parallel Projection of each point
=================================
106.29  48.48   74.39   134.01  64.01   98.51   127.79  60.52   93.1    
90.26   39.5    60.44   115.07  53.4    82.03   70.23   28.29   43.02   
131.9   62.83   96.68   110.16  50.65   77.76   129.24  61.33   94.36   
81.82   34.78   53.11   111.53  51.42   78.95   121.66  57.09   87.76   
53.28   18.79   28.27   107.27  49.03   75.24   96.71   43.12   66.06   
137.52  65.97   101.57  63.63   24.59   37.28   104.27  47.35   72.64   
76.56   31.83   48.53   63.47   24.5    37.14   93.76   41.47   63.49   
79.47   33.47   51.06   104.82  47.66   73.12   90.22   39.48   60.41   
95.45   42.41   64.96   85.55   36.87   56.35   113.71  52.64   80.85   
****************** PART C *****************
