****************** INPUT *****************
84      36      55      88      95      31      100     56      87      
19      45      91      2       12      90      31      19      20      
51      63      32      38      21      63      84      62      50      
9       21      54      55      27      23      37      5       38      
52      77      32      33      27      78      49      6       42      
88      72      100     23      66      10      55      26      99      
18      5       47      67      79      82      12      58      82      
24      93      91      83      70      65      8       79      86      
30      80      98      57      31      34      26      81      48      
41      66      23      42      64      80      53      2       86      
****************** PART A *****************
****************** PART B *****************
****************** PART C *****************
Distance 1: 32.293

Distance 2: 73.531

Distance 3: 30.937

Distance 4: 11.307

Distance 5: 13.904

Distance 6: 53.892

Distance 7: 50.373

Distance 8: 20.807

Distance 9: 25.897

Distance 10: 13.077

